Traffic: 0.29 GB | 15 GB = ss, gzbgp01.22991163.xyz, 14091, encrypt-method=chacha20-ietf-poly1305, password=lE9uL5fR3yR9,obfs=http,obfs-host=0817ca94f5.iqiyi.com
Expire: 2024-09-21 = ss, gzbgp01.22991163.xyz, 14091, encrypt-method=chacha20-ietf-poly1305, password=lE9uL5fR3yR9,obfs=http,obfs-host=0817ca94f5.iqiyi.com
